294737887
297876802
301203578
311146765
315534473
316652328
319405905
333118850
343174218
349753432
349756784
350081495
354273892
355847711
356020678
356931753
358634890
360632548
363593945
365548794
365615306
365689981
367294690
368026966
368122313
369578795
370097122
371262278
372005001
373673878
376592022
376844704
376854021
377867919
377987194
381703211
382611048
385540420
385752750
388311696
390464734
394601595
395869579
396160296
396167968
397566103
398524817
400632879
402429334
402432829
402885508
405442412
407067724
407956817
409116472
409906926
409939514
410667565
410855665
410904334
411393781
411503136
411761611
412113698
412175521
412359175
413091577
413890603
413974334
414034360
415392992
416541143
416709615
417962148
420427982
420640875
421499946
421623043
421817387
421836139
422041607
422099899
422859831
423220256
424018298
424250389
424440806
425625721
427365067
427545113
427808237
428653800
428908734
428930869
430857754
432210806
432485187
432837806
433099335
433358669
433533791
433726542
436028386
437936630
438990533
440345985
440499079
441338222
442526800
442874996
442891308
443007589
446096428
448065372
450318316
451591400
452853474
454081109
454102397
454487275
454942407
455254379
456343388
456446874
456857783
457049923
457326307
457500910
457702261
457913084
458779304
459063072
459225609
459343202
459360411
459684975
459986959
460126018
460136298
460164752
460868555
460914389
460930059
461176997
461646035
461778157
461884142
461894151
462401259
462402533
462408912
462659693
462743913
462833570
462879314
462886617
463364635
463365021
463485539
463488941
463773705
464026933
464143373
464217175
464221711
464226029
464235480
464269483
464337117
464358573
464379243
464390996
464454931
464467711
464491435
464515516
464983010
465020062
465076526
465126984
465163683
465188718
465207578
465208312
465276821
465291046
465324156
465495654
465581452
465587427
465596482
465623446
465626317
465634805
465666002
465703822
465708748
465900965
465916721
465940673
465945513
465973990
465987523
466047850
466053264
466201435
466353828
466360601
466370416
466432762
466444841
466464506
466482431
466494261
466580179
466618844
466662732
466671978
466674153
466733108
466800562
467122671
467174939
467178758
467201752
467203422
467215249
467262193
467294160
467299874
467352478
467366949
467387890
467456828
467474761
467476176
467478150
467573134
467677544
467679110
467685895
467709596
467777076
467781096
467799293
467858669
467875724
467938824
467973698
467978789
467984557
467999745
468032870
468034420
468037211
468052884
468057562
468066405
468123954
468126109
468127559
468150605
468279699
468355635
468397195
468419268
468439006
468468311
468698212
468764697
468824491
469079132
469111265
469152682
469267447
469302668
469440153
469923994
469935354
469995524
470008888
470565732
470587620
470651948
471169051
471257987
471415916
471532115
471595927
472004941
472018590
472114307
472124111
472129247
472228745
472302780
472390885
472393466
472552780
472593086
472807091
473020002
473036783
473054867
473264029
473268523
473271448
473277302
473278334
473302622
473329297
473329473
473333678
473636208
473643110
473646859
473718444
473734532
473740205
473772466
473803329
473868683
473929373
474005790
474071722
474078575
474087293
474089661
474096686
474102429
474112172
474126324
474248433
474446344
474457072
474506384
474540774
474542996
474557027
474562380
474573639
474643619
474654074
474666834
474736013
474829350
474830340
474842605
474854128
474854227
474864987
474868495
474870106
474919337
475100471
475156582
475164394
475166224
475167699
475173080
475178028
475193497
475233476
475275627
475275737
475276343
475296506
475302413
475360480
475372277
475381165
475383684
475438557
475441450
475459429
475464069
475465429
475471243
475483545
475499104
475510809
475516012
475522876
475527762
475528322
475532229
475536518
475541991
475550923
475569365
475576893
475602295
475621135
475687022
475793897
475800717
475805094
475817112
475817939
475818986
475820070
475869003
475879172
475891586
475899576
475912239
475953512
475956615
475960194
475976093
475976360
476018387
476050011
476099750
476114833
476126709
476131238
476134536
476156841
476175482
476355127
476379950
476392471
476394671
476406700
476439503
476450130
476452442
476470938
476473497
476475606
476534151
476537593
476539461
476557337
476562738
476591264
476593078
476608686
476612002
476618265
476643025
476700240
476716806
476738337